#Sun Apr 27 23:23:30 MST 2025
Latitude=36.823714330358214
Longitude=10.17265319824219
