#Mon Apr 28 22:20:39 MST 2025
Latitude=36.82027895130877
Longitude=10.169219970703127
