#Mon Apr 28 23:22:08 MST 2025
Latitude=36.82536325752357
Longitude=10.181236267089846
