Latitude: 35.191766965947394, Longitude: 9.404296875000002
Latitude: 35.191766965947394, Longitude: 9.404296875000002
